      0/29     5.24G   0.07749   0.04626   0.03125     0.155       156       640   0.08199    0.2377    0.1465   0.04229   0.05913   0.06134   0.02244
      1/29     5.12G   0.05879   0.03901   0.01989    0.1177       169       640    0.1779    0.5078    0.3242     0.151   0.04912   0.05879   0.01731
      2/29     5.12G   0.05396   0.03779   0.01614    0.1079       212       640    0.2264    0.6373    0.4363    0.1791   0.04944   0.05803   0.01415
      3/29     5.12G   0.04793   0.03679   0.01326   0.09798       198       640    0.2876    0.7297    0.5842    0.2818   0.03929   0.05391    0.0118
      4/29     5.12G   0.04399   0.03541   0.01157   0.09097       163       640    0.3555     0.758    0.6524    0.3386   0.03756    0.0528   0.01024
      5/29     5.12G   0.04166   0.03451  0.009833     0.086       177       640    0.3326    0.8331    0.7171    0.3708   0.03541   0.05126  0.008551
      6/29     5.12G   0.03966   0.03334  0.008906   0.08192       187       640    0.4307     0.817    0.7513    0.4038   0.03479    0.0505  0.007343
      7/29     5.12G   0.03935   0.03342  0.007858   0.08062       130       640    0.4008     0.843    0.7724    0.4208   0.03474   0.05028  0.006621
      8/29     5.12G   0.03807   0.03283  0.007235   0.07813       158       640    0.4323    0.8529    0.7821    0.4258   0.03401    0.0489  0.006161
      9/29     5.12G    0.0373   0.03235  0.006626   0.07628       161       640    0.4376    0.8738    0.8249    0.4644   0.03317   0.04857  0.005664
     10/29     5.12G   0.03642   0.03197  0.006222   0.07461       178       640    0.4536    0.8718    0.8265     0.483   0.03225   0.04785  0.005518
     11/29     5.12G   0.03557   0.03108  0.005896   0.07254       173       640    0.5101    0.8677    0.8307    0.4944   0.03187   0.04745  0.005207
     12/29     5.12G   0.03467   0.03093   0.00558   0.07118       127       640    0.4583    0.8885    0.8623    0.5018   0.03156    0.0469  0.004494
     13/29     5.12G   0.03438   0.03015  0.005222   0.06976       175       640    0.4904    0.8923    0.8578    0.5091    0.0309   0.04648  0.004469
     14/29     5.12G   0.03359   0.03033  0.004984   0.06891       192       640    0.5091    0.8985    0.8701    0.5228   0.03084   0.04568  0.004344
     15/29     5.12G   0.03319   0.02972  0.004761   0.06768       169       640    0.4822    0.9113    0.8726    0.5201   0.03025   0.04559  0.004185
     16/29     5.12G   0.03253   0.02946  0.004618    0.0666       211       640      0.48    0.9103    0.8719    0.5199   0.03016    0.0455  0.004121
     17/29     5.12G   0.03219   0.02946  0.004408   0.06605       182       640    0.5388    0.9028    0.8805    0.5327    0.0296   0.04465  0.003791
     18/29     5.12G    0.0316   0.02861  0.004121   0.06433       209       640    0.5421    0.9094    0.8847    0.5423   0.02927   0.04395  0.003714
     19/29     5.12G     0.031   0.02829  0.004003   0.06329       186       640    0.5575    0.9158    0.8866     0.553   0.02921   0.04403  0.003804
     20/29     5.12G   0.03058   0.02842  0.003842   0.06284       135       640    0.5326    0.9145    0.8873    0.5598   0.02866   0.04354  0.003521
     21/29     5.12G   0.03027   0.02776   0.00369   0.06172       196       640    0.5357    0.9206    0.8939    0.5694   0.02839    0.0433  0.003397
     22/29     5.12G   0.02959   0.02749  0.003603   0.06068       176       640    0.5865    0.9219    0.9018    0.5786   0.02822   0.04296   0.00327
     23/29     5.12G   0.02949   0.02717  0.003493   0.06015       186       640    0.5487    0.9242    0.8984    0.5795   0.02799   0.04272  0.003273
     24/29     5.12G   0.02905   0.02705  0.003357   0.05946       185       640    0.5525    0.9196    0.9046    0.5926   0.02782   0.04228  0.003144
     25/29     5.12G   0.02866   0.02643  0.003184   0.05827       163       640    0.5692    0.9276    0.9097    0.5916   0.02788   0.04251  0.003125
     26/29     5.12G    0.0287   0.02675  0.003223   0.05867       222       640    0.5696    0.9265    0.9057    0.5828   0.02756    0.0422  0.002896
     27/29     5.12G   0.02811   0.02599  0.003153   0.05726       175       640    0.6197    0.9289    0.9143    0.5953   0.02751   0.04189  0.002824
     28/29     5.12G   0.02832   0.02632  0.003145   0.05779       190       640    0.5842    0.9267    0.9102    0.5887   0.02738   0.04188  0.002846
     29/29     5.12G   0.02811   0.02627  0.003044   0.05742       133       640    0.5679    0.9357    0.9118    0.5969   0.02734   0.04214  0.002797
